0.000000 -5000.000000
0.010000 8.000000
0.020000 8.000000
0.030000 8.000000
0.040000 8.000000
0.050000 8.000000
0.060000 8.000000
0.070000 -36.000000
0.080000 8.000000
0.090000 8.000000
0.100000 8.000000
0.110000 8.000000
0.120000 8.000000
0.130000 -43.000000
0.140000 -43.000000
0.150000 0.000000
0.160000 0.000000
0.170000 0.000000
0.180000 0.000000
0.190000 8.000000
0.200000 8.000000
0.210000 8.000000
0.220000 8.000000
0.230000 8.000000
0.240000 8.000000
0.250000 -36.000000
0.260000 8.000000
0.270000 8.000000
0.280000 8.000000
0.290000 8.000000
0.300000 8.000000
0.310000 8.000000
0.320000 8.000000
0.330000 -36.000000
0.340000 -36.000000
0.350000 -36.000000
0.360000 8.000000
0.370000 8.000000
0.380000 8.000000
0.390000 8.000000
0.400000 8.000000
0.410000 8.000000
0.420000 8.000000
0.430000 8.000000
0.440000 8.000000
0.450000 -36.000000
0.460000 8.000000
0.470000 8.000000
0.480000 8.000000
0.490000 8.000000
0.500000 -36.000000
0.510000 8.000000
0.520000 8.000000
0.530000 8.000000
0.540000 8.000000
0.550000 8.000000
0.560000 8.000000
0.570000 8.000000
0.580000 8.000000
0.590000 8.000000
0.600000 -36.000000
0.610000 8.000000
0.620000 8.000000
0.630000 8.000000
0.640000 8.000000
0.650000 8.000000
0.660000 8.000000
0.670000 8.000000
0.680000 8.000000
0.690000 8.000000
0.700000 8.000000
0.710000 8.000000
0.720000 8.000000
0.730000 -36.000000
0.740000 8.000000
0.750000 8.000000
0.760000 8.000000
0.770000 8.000000
0.780000 8.000000
0.790000 8.000000
0.800000 8.000000
0.810000 8.000000
0.820000 8.000000
0.830000 8.000000
0.840000 -36.000000
0.850000 8.000000
0.860000 -36.000000
0.870000 8.000000
0.880000 8.000000
0.890000 8.000000
0.900000 8.000000
0.910000 8.000000
0.920000 8.000000
0.930000 8.000000
0.940000 8.000000
0.950000 -36.000000
0.960000 8.000000
0.970000 8.000000
0.980000 8.000000
0.990000 8.000000
1.000000 -36.000000
1.010000 8.000000
1.020000 8.000000
1.030000 8.000000
1.040000 8.000000
1.050000 -36.000000
1.060000 8.000000
1.070000 8.000000
1.080000 8.000000
1.090000 8.000000
1.100000 -36.000000
1.110000 8.000000
1.120000 8.000000
1.130000 8.000000
1.140000 8.000000
1.150000 8.000000
1.160000 8.000000
1.170000 8.000000
1.180000 8.000000
1.190000 8.000000
1.200000 8.000000
1.210000 8.000000
1.220000 8.000000
1.230000 8.000000
1.240000 -36.000000
1.250000 8.000000
1.260000 8.000000
1.270000 8.000000
1.280000 8.000000
1.290000 8.000000
1.300000 8.000000
1.310000 8.000000
1.320000 8.000000
1.330000 -36.000000
1.340000 -36.000000
1.350000 8.000000
1.360000 8.000000
1.370000 8.000000
1.380000 -36.000000
1.390000 -36.000000
1.400000 8.000000
1.410000 8.000000
1.420000 8.000000
1.430000 8.000000
1.440000 8.000000
1.450000 -36.000000
1.460000 8.000000
1.470000 8.000000
1.480000 8.000000
1.490000 8.000000
1.500000 8.000000
1.510000 8.000000
1.520000 8.000000
1.530000 8.000000
1.540000 8.000000
1.550000 8.000000
1.560000 -36.000000
1.570000 8.000000
1.580000 8.000000
1.590000 8.000000
1.600000 8.000000
1.610000 8.000000
1.620000 8.000000
1.630000 8.000000
1.640000 8.000000
1.650000 8.000000
1.660000 8.000000
1.670000 8.000000
1.680000 8.000000
1.690000 -36.000000
1.700000 8.000000
1.710000 8.000000
1.720000 8.000000
1.730000 8.000000
1.740000 -36.000000
1.750000 8.000000
1.760000 8.000000
1.770000 -36.000000
1.780000 8.000000
1.790000 8.000000
1.800000 8.000000
1.810000 8.000000
1.820000 -36.000000
1.830000 8.000000
1.840000 8.000000
1.850000 8.000000
1.860000 8.000000
1.870000 8.000000
1.880000 -36.000000
1.890000 8.000000
1.900000 8.000000
1.910000 8.000000
1.920000 8.000000
1.930000 -36.000000
1.940000 -36.000000
1.950000 8.000000
1.960000 8.000000
1.970000 8.000000
1.980000 8.000000
1.990000 8.000000
2.000000 8.000000
2.010000 8.000000
2.020000 8.000000
2.030000 -36.000000
2.040000 8.000000
2.050000 8.000000
2.060000 8.000000
2.070000 8.000000
2.080000 8.000000
2.090000 8.000000
2.100000 8.000000
2.110000 8.000000
2.120000 8.000000
2.130000 8.000000
2.140000 8.000000
2.150000 8.000000
2.160000 8.000000
2.170000 8.000000
2.180000 8.000000
2.190000 8.000000
2.200000 8.000000
2.210000 -36.000000
2.220000 8.000000
2.230000 -36.000000
2.240000 8.000000
2.250000 8.000000
2.260000 8.000000
2.270000 8.000000
2.280000 8.000000
2.290000 8.000000
2.300000 8.000000
2.310000 8.000000
2.320000 -36.000000
2.330000 -36.000000
2.340000 8.000000
2.350000 8.000000
2.360000 -36.000000
2.370000 8.000000
2.380000 8.000000
2.390000 8.000000
2.400000 8.000000
2.410000 8.000000
2.420000 8.000000
2.430000 8.000000
2.440000 8.000000
2.450000 8.000000
2.460000 -36.000000
2.470000 8.000000
2.480000 -36.000000
2.490000 8.000000
2.500000 8.000000
2.510000 8.000000
2.520000 8.000000
2.530000 8.000000
2.540000 8.000000
2.550000 8.000000
2.560000 8.000000
2.570000 8.000000
2.580000 8.000000
2.590000 8.000000
2.600000 8.000000
2.610000 8.000000
2.620000 8.000000
2.630000 8.000000
2.640000 8.000000
2.650000 52.000000
2.660000 8.000000
2.670000 8.000000
2.680000 -36.000000
2.690000 8.000000
2.700000 8.000000
2.710000 -36.000000
2.720000 -36.000000
2.730000 -36.000000
2.740000 -36.000000
2.750000 8.000000
2.760000 8.000000
2.770000 8.000000
2.780000 8.000000
2.790000 8.000000
2.800000 8.000000
2.810000 8.000000
2.820000 8.000000
2.830000 8.000000
2.840000 8.000000
2.850000 -36.000000
2.860000 8.000000
2.870000 8.000000
2.880000 -36.000000
2.890000 8.000000
2.900000 8.000000
2.910000 8.000000
2.920000 8.000000
2.930000 -36.000000
2.940000 8.000000
2.950000 -36.000000
2.960000 8.000000
2.970000 8.000000
2.980000 8.000000
2.990000 8.000000
3.000000 8.000000
3.010000 8.000000
3.020000 -36.000000
3.030000 8.000000
3.040000 8.000000
3.050000 -36.000000
3.060000 8.000000
3.070000 -36.000000
3.080000 8.000000
3.090000 8.000000
3.100000 8.000000
3.110000 8.000000
3.120000 8.000000
3.130000 8.000000
3.140000 8.000000
3.150000 8.000000
3.160000 8.000000
3.170000 8.000000
3.180000 8.000000
3.190000 8.000000
3.200000 8.000000
3.210000 8.000000
3.220000 8.000000
3.230000 -36.000000
3.240000 8.000000
3.250000 8.000000
3.260000 8.000000
3.270000 8.000000
3.280000 -36.000000
3.290000 8.000000
3.300000 -36.000000
3.310000 8.000000
3.320000 8.000000
3.330000 8.000000
3.340000 8.000000
3.350000 -36.000000
3.360000 8.000000
3.370000 8.000000
3.380000 8.000000
3.390000 8.000000
3.400000 8.000000
3.410000 8.000000
3.420000 8.000000
3.430000 8.000000
3.440000 8.000000
3.450000 8.000000
3.460000 8.000000
3.470000 -36.000000
3.480000 8.000000
3.490000 -36.000000
3.500000 8.000000
3.510000 8.000000
3.520000 8.000000
3.530000 8.000000
3.540000 8.000000
3.550000 8.000000
3.560000 -36.000000
3.570000 -36.000000
3.580000 8.000000
3.590000 8.000000
3.600000 -36.000000
3.610000 8.000000
3.620000 8.000000
3.630000 -36.000000
3.640000 8.000000
3.650000 8.000000
3.660000 8.000000
3.670000 8.000000
3.680000 8.000000
3.690000 8.000000
3.700000 8.000000
3.710000 8.000000
3.720000 -36.000000
3.730000 8.000000
3.740000 8.000000
3.750000 8.000000
3.760000 -36.000000
3.770000 8.000000
3.780000 8.000000
3.790000 8.000000
3.800000 8.000000
3.810000 8.000000
3.820000 8.000000
3.830000 8.000000
3.840000 8.000000
3.850000 8.000000
3.860000 8.000000
3.870000 8.000000
3.880000 8.000000
3.890000 8.000000
3.900000 8.000000
3.910000 8.000000
3.920000 8.000000
3.930000 -36.000000
3.940000 8.000000
3.950000 8.000000
3.960000 8.000000
3.970000 -36.000000
3.980000 8.000000
3.990000 -36.000000
4.000000 -36.000000
4.010000 8.000000
4.020000 8.000000
4.030000 8.000000
4.040000 8.000000
4.050000 8.000000
4.060000 8.000000
4.070000 8.000000
4.080000 -36.000000
4.090000 8.000000
4.100000 8.000000
4.110000 8.000000
4.120000 8.000000
4.130000 8.000000
4.140000 -36.000000
4.150000 8.000000
4.160000 8.000000
4.170000 8.000000
4.180000 -36.000000
4.190000 8.000000
4.200000 8.000000
4.210000 8.000000
4.220000 -36.000000
4.230000 8.000000
4.240000 8.000000
4.250000 8.000000
4.260000 8.000000
4.270000 8.000000
4.280000 8.000000
4.290000 8.000000
4.300000 8.000000
4.310000 8.000000
4.320000 8.000000
4.330000 8.000000
4.340000 8.000000
4.350000 8.000000
4.360000 8.000000
4.370000 8.000000
4.380000 8.000000
4.390000 8.000000
4.400000 8.000000
4.410000 8.000000
4.420000 8.000000
4.430000 8.000000
4.440000 8.000000
4.450000 -36.000000
4.460000 8.000000
4.470000 -36.000000
4.480000 8.000000
4.490000 8.000000
4.500000 8.000000
4.510000 -36.000000
4.520000 8.000000
4.530000 8.000000
4.540000 8.000000
4.550000 -36.000000
4.560000 8.000000
4.570000 8.000000
4.580000 -36.000000
